10 30
0 5 -0.145362
0 8 -0.782624
0 4 -0.117918
1 5 -0.480781
1 4 -0.866238
1 3 -0.415669
2 5 -0.486956
2 4 -0.763127
2 3 -0.833721
3 9 -0.520289
3 1 -0.415669
3 2 -0.833721
4 9 -0.673579
4 1 -0.866238
4 2 -0.763127
5 7 -0.620824
5 1 -0.480781
5 2 -0.486956
6 7 -0.317340
6 1 -0.292388
6 8 -0.834691
7 4 -0.367099
7 5 -0.620824
7 6 -0.317340
8 0 -0.782624
8 6 -0.834691
8 9 -0.426985
9 8 -0.426985
9 4 -0.673579
9 3 -0.520289
